1
7
11
23
25
28
30
34
37
42
50
55
56
60
64
66
69
72
73
86
101
107
108
109
116
118
120
123
129
130
131
139
146
158
169
171
175
176
181
184
187
190
197
199
206
215
219
222
230
236
241
242
246
251
263
268
278
280
285
287
294
298
304
316
318
319
320
329
336
340
345
348
354
357
362
371
375
380
383
393
395
398
402
403
412
415
418
421
429
431
434
435
440
454
459
461
470
473
475
483
499
507
515
516
517
522
523
530
534
540
541
544
545
550
555
557
559
568
581
585
587
591
600
601
602
603
607
608
610
614
617
630
634
641
656
662
665
670
675
678
680
683
712
714
720
721
732
733
734
736
745
748
750
753
754
761
764
765
778
779
787
794
796
811
813
815
834
840
845
848
872
873
874
890
891
893
895
898
899
909
910
928
930
938
939
947
948
949
961
962
963
964
966
969
982
991
995
996
1011
1012
1013
1014
1016
1025
1032
1040
1041
1043
1046
1047
1049
1059
1061
1069
1079
1086
1093
1101
1102
1106
1111
1113
1116
1117
1132
1133
1138
1139
1144
1150
1152
1153
1158
1160
1161
1166
1167
1170
1172
1179
1182
1185
1187
1191
1197
1206
1207
1209
1217
1221
1227
1228
1230
1231
1249
1252
1256
1261
1263
1270
1273
1275
1283
1291
1303
1313
1314
1317
1318
1320
1332
1341
1347
1362
1364
1366
1367
1378
1380
1381
1388
1389
1390
1391
1403
1406
1409
1425
1430
1433
1435
1436
1439
1448
1450
1462
1463
1464
1467
1468
1472
1481
1492
1495
1497
1498
1499
1517
1518
1524
1532
1534
1546
1547
1548
1551
1552
1561
1563
1564
1567
1579
1581
1583
1586
1587
1588
1592
1599
1601
1602
1603
1607
1617
1619
1622
1627
1630
1631
1637
1642
1644
1649
1658
1661
1665
1667
1700
1708
1709
1716
1718
1724
1725
1730
1740
1746
1749
1754
1758
1762
1764
1765
1787
1791
1792
1797
1802
1811
1812
1816
1818
1826
1829
1831
1837
1842
1853
1854
1856
1859
1865
1876
1877
1884
1885
1895
1910
1912
1913
1917
1919
1927
1933
1936
1938
1944
1955
1956
1957
1960
1964
1974
1976
1986
1996
1997
1998
2007
2012
2018
2020
2026
2035
2040
2042
2045
2054
2056
2057
2060
2069
2074
2079
2086
2089
2111
2117
2119
2122
2134
2135
2140
2143
2146
2151
2157
2161
2164
2175
2178
2182
2184
2190
2198
2202
2210
2211
2213
2215
2216
2218
2222
2230
2233
2237
2245
2248
2251
2255
2256
2268
2269
2273
2279
2287
2292
2294
2295
2297
2301
2306
2309
2311
2318
2331
2340
2341
2343
2345
2358
2361
2364
2380
2382
2398
2401
2403
2410
2414
2416
2420
2425
2430
2432
2434
2436
2443
2445
2452
2453
2459
2470
2472
2481
2491
2493
2500
2501
2515
2520
2521
2524
2530
2534
2535
2537
2539
2545
2550
2557
2559
2562
2583
2587
2597
2598
2600
2601
2602
2617
2621
2627
2629
2637
2638
2641
2648
2659
2663
2673
2676
2678
2680
2685
2695
2696
2699
2702
2708
2711
2712
2713
2715
2725
2729
2740
2741
2742
2743
2749
2753
2759
2760
2771
2772
2784
2791
2806
2814
2818
2820
2822
2823
2831
2835
2844
2857
2858
2863
2870
2871
2872
2874
2876
2877
2879
2880
2887
2893
2895
2899
2900
2901
2907
2916
2919
2923
2925
2927
2929
2934
2946
2951
2953
2966
2978
2979
3002
3018
3024
3035
3037
3046
3049
3052
3056
3057
3081
3084
3091
3098
3109
3113
3114
3134
3137
3138
3145
3151
3152
3159
3168
3169
3174
3176
3186
3190
3193
3203
3204
3205
3208
3216
3221
3224
3227
3231
3237
3251
3252
3260
3270
3273
3278
3280
3289
3298
3300
3304
3306
3307
3311
3312
3332
3343
3349
3362
3368
3370
3378
3381
3399
3400
3403
3410
3420
3426
3432
3441
3449
3452
3456
3457
3458
3459
3464
3469
3473
3490
3498
3501
3502
3509
3514
3520
3521
3526
3528
3530
3540
3544
3548
3555
3560
3563
3566
3574
3575
3576
3577
3578
3580
3581
3584
3585
3590
3593
3594
3611
3628
3632
3633
3635
3638
3640
3649
3660
3668
3669
3686
3689
3690
3696
3699
3701
3705
3706
3720
3723
3738
3739
3746
3750
3753
3757
3769
3781
3787
3788
3790
3802
3803
3809
3820
3821
3822
3824
3825
3833
3838
3839
3840
3841
3843
3846
3860
3861
3864
3875
3876
3891
3907
3916
3917
3920
3932
3936
3937
3939
3940
3945
3948
3964
3969
3970
3973
3974
3979
3982
3986
3988
3993
3996
4003
4005
4010
4017
4018
4020
4021
4023
4036
4041
4043
4045
4053
4058
4062
4063
4067
4068
4069
4087
4094
4097
4109
4112
4125
4138
4141
4142
4145
4150
4154
4156
4158
4167
4176
4180
4190
4209
4214
4218
4219
4220
4221
4229
4241
4244
4248
4255
4257
4267
4277
4278
4281
4287
4290
4297
4304
4309
4316
4321
4322
4342
4343
4349
4356
4357
4373
4380
4381
4383
4387
4388
4389
4390
4396
4397
4401
4410
4413
4416
4417
4420
4424
4426
4431
4436
4440
4444
4445
4454
4460
4461
4469
4471
4481
4484
4486
4489
4495
4504
4511
4514
4517
4520
4522
4527
4528
4539
4540
4542
4551
4552
4560
4561
4565
4567
4574
4576
4579
4586
4590
4597
4598
4600
4605
4609
4611
4616
4617
4619
4624
4628
4644
4652
4653
4656
4660
4668
4673
4684
4687
4692
4697
4698
4708
4712
4716
4722
4731
4732
4733
4739
4748
4751
4753
4757
4758
4759
4762
4764
4766
4769
4770
4777
4786
4789
4792
4794
4795
4799
4800
4802
4806
4816
4817
4818
4819
4830
4836
4837
4838
4841
4850
4851
4853
4854
4861
4863
4864
4866
4868
4876
4879
4890
4893
4895
4898
4901
4916
4918
4919
4920
4926
4935
4938
4955
4965
4969
4971
4975
4977
4982
4989
4998
5002
5011
5027
5030
5038
5043
5047
5055
5056
5064
5066
5069
5070
5071
5073
5074
5076
5077
5082
5085
5089
5098
5100
5109
5110
5112
5117
5119
5120
5125
5128
5134
5136
5137
5140
5149
5166
5175
5177
5182
5186
5187
5188
5194
5195
5196
5206
5208
5211
5212
5214
5220
5222
5227
5231
5236
5242
5250
5265
5272
5286
5288
5293
5299
5310
5311
5317
5324
5328
5329
5331
5337
5353
5359
5360
5363
5365
5368
5371
5376
5384
5396
5398
5402
5404
5405
5412
5431
5435
5436
5437
5438
5441
5444
5451
5452
5453
5454
5456
5461
5467
5478
5481
5482
5485
5493
5496
5508
5513
5514
5517
5527
5530
5535
5536
5537
5552
5557
5558
5561
5566
5578
5585
5586
5593
5595
5596
5598
5600
5608
5614
5621
5623
5624
5625
5636
5638
5640
5641
5646
5652
5669
5671
5676
5686
5695
5707
5709
5711
5718
5720
5721
5723
5726
5727
5729
5730
5735
5744
5746
5748
5752
5755
5756
5766
5770
5772
5774
5784
5787
5788
5792
5793
5807
5825
5834
5842
5846
5850
5856
5857
5862
5866
5871
5882
5883
5885
5913
5920
5926
5929
5930
5931
5936
5941
5957
5958
5961
5966
5974
5976
5986
5988
5989
5992
5994
5996
6007
6011
6012
6014
6016
6031
6041
6045
6051
6052
6065
6070
6072
6078
6097
6115
6126
6129
6131
6149
6151
6172
6173
6177
6183
6185
6192
6203
6204
6209
6219
6228
6247
6251
6259
6263
6268
6272
6281
6282
6283
6284
6292
6296
6299
6309
6317
6318
6328
6329
6330
6332
6335
6342
6343
6345
6349
6359
6361
6371
6391
6409
6410
6413
6417
6419
6422
6433
6435
6436
6442
6443
6445
6447
6448
6457
6463
6466
6479
6481
6485
6494
6499
6511
6512
6513
6521
6524
6525
6529
6531
6532
6543
6546
6551
6555
6561
6566
6567
6570
6572
6580
6585
6593
6597
6600
6601
6603
6604
6607
6608
6613
6615
6617
6625
6637
6638
6643
6644
6645
6647
6651
6653
6656
6658
6668
6675
6681
6685
6690
6692
6707
6720
6722
6723
6732
6741
6743
6750
6752
6762
6767
6769
6772
6790
6796
6797
6799
6800
6803
6805
6819
6823
6830
6864
6870
6892
6897
6902
6907
6915
6916
6918
6924
6931
6945
6946
6952
6956
6957
6958
6965
6967
6974
6976
7004
7005
7007
7014
7020
7022
7024
7027
7041
7042
7050
7053
7056
7080
7084
7091
7093
7098
7102
7103
7108
7110
7111
7117
7119
7131
7133
7136
7139
7140
7142
7144
7147
7148
7160
7163
7175
7177
7179
7187
7192
7194
7201
7202
7203
7204
7207
7210
7229
7232
7239
7251
7253
7255
7261
7265
7270
7273
7275
7280
7282
7283
7284
7289
7306
7307
7317
7321
7338
7339
7343
7346
7353
7355
7359
7361
7363
7365
7373
7377
7378
7381
7382
7383
7390
7400
7413
7414
7420
7421
7425
7426
7444
7450
7452
7463
7470
7472
7473
7476
7482
7485
7489
7490
7494
7496
7497
7505
7511
7515
7536
7542
7545
7550
7553
7555
7565
7576
7577
7585
7590
7594
7609
7611
7623
7627
7628
7631
7638
7641
7646
7647
7651
7661
7664
7673
7675
7687
7688
7692
7696
7698
7709
7711
7714
7718
7720
7725
7727
7736
7740
7741
7744
7753
7755
7760
7772
7786
7787
7796
7797
7800
7802
7819
7820
7833
7836
7837
7840
7843
7855
7856
7859
7862
7867
7869
7892
7902
7909
7910
7913
7918
7924
7927
7931
7936
7937
7940
7958
7975
7981
7983
7989
8002
8006
8013
8016
8021
8023
8025
8042
8050
8051
8064
8079
8082
8091
8092
8101
8104
8112
8115
8117
8121
8122
8125
8130
8135
8139
8140
8141
8142
8147
8148
8149
8152
8162
8166
8171
8175
8178
8183
8186
8194
8201
8203
8205
8208
8215
8222
8223
8226
8245
8253
8258
8260
8265
8275
8293
8296
8299
8313
8316
8330
8335
8340
8356
8358
8366
8371
8372
8381
8392
8393
8396
8400
8402
8415
8424
8429
8443
8449
8450
8457
8462
8465
8469
8471
8476
8489
8490
8491
8495
8504
8506
8510
8511
8512
8516
8525
8541
8546
8550
8557
8558
8569
8574
8576
8577
8580
8585
8586
8588
8589
8592
8596
8601
8613
8621
8631
8638
8640
8642
8648
8649
8658
8661
8662
8673
8680
8692
8696
8698
8700
8703
8704
8708
8710
8713
8715
8720
8722
8728
8736
8742
8745
8748
8753
8762
8769
8772
8776
8777
8780
8781
8783
8786
8787
8793
8795
8796
8797
8803
8813
8814
8815
8825
8836
8838
8839
8841
8849
8850
8855
8861
8873
8878
8880
8889
8896
8897
8907
8908
8919
8928
8931
8934
8938
8939
8941
8943
8949
8950
8951
8952
8954
8962
8967
8969
8972
8978
8997
8999
9000
9001
9002
9006
9014
9022
9030
9035
9041
9044
9053
9054
9058
9078
9081
9095
9096
9101
9108
9111
9117
9118
9124
9126
9128
9131
9139
9142
9144
9145
9146
9147
9149
9150
9160
9163
9171
9178
9180
9185
9191
9199
9211
9218
9221
9223
9228
9235
9237
9240
9246
9247
9250
9251
9256
9257
9259
9267
9269
9272
9273
9278
9282
9283
9286
9293
9294
9296
9297
9301
9304
9306
9308
9309
9314
9324
9332
9335
9342
9344
9347
9352
9355
9358
9360
9367
9368
9370
9375
9378
9384
9390
9397
9404
9410
9411
9413
9419
9423
9424
9429
9430
9431
9432
9435
9440
9443
9451
9460
9482
9495
9505
9508
9517
9521
9523
9524
9534
9536
9537
9543
9545
9549
9551
9553
9555
9556
9560
9571
9576
9578
9583
9587
9591
9601
9602
9603
9607
9612
9613
9614
9617
9623
9628
9631
9637
9643
9645
9647
9648
9657
9661
9670
9677
9683
9684
9685
9687
9689
9691
9695
9699
9700
9701
9707
9709
9713
9723
9724
9748
9756
9770
9771
9780
9782
9783
9791
9796
9798
9799
9800
9803
9813
9820
9825
9836
9837
9843
9858
9859
9863
9864
9874
9877
9879
9881
9882
9888
9900
9904
9907
9909
9919
9922
9925
9929
9933
9935
9937
9939
9941
9955
9959
9962
9964
9969
9977
9982
9983
9989
9990
9991
10001
10003
10009
10015
10022
10027
10030
10033
10037
10039
10048
10060
10066
10070
10071
10089
10092
10095
10100
10102
10105
10118
10119
10123
10134
10148
10150
10156
10165
10167
10175
10182
10184
10195
10196
10202
10203
10204
10206
10208
10218
10222
10244
10251
10256
10262
10263
10287
10290
10297
10298
10304
10307
10308
10313
10316
10318
10321
10323
10324
10336
10337
10342
10349
10351
10352
10357
10360
10361
10366
10368
10370
10375
10381
10398
10406
10412
10417
10418
10422
10430
10439
10441
10445
10453
10458
10461
10467
10478
10481
10484
10492
10493
10504
10505
10513
10515
10517
10524
10529
10531
10538
10548
10553
10555
10562
10571
10575
10576
10582
10598
10602
10604
10609
10637
10638
10646
10651
10676
10684
10691
10698
10699
10708
10714
10717
10722
10727
10728
10730
10732
10734
10737
10739
10745
10748
10750
10757
10758
10762
10764
10766
10769
10771
10774
10776
10782
10783
10789
10793
10797
10806
10808
10815
10832
10833
10841
10852
10853
10855
10856
10857
10864
10870
10877
10880
10883
10889
10898
10907
10909
10916
10919
10928
10938
10939
10943
10946
10950
10957
10959
10972
10973
10974
10976
10980
10983
10984
10985
10988
10991
11003
11006
11007
11016
11022
11024
11025
11026
11027
11029
11031
11033
11047
11050
11052
11058
11068
11077
11084
11085
11087
11090
11103
11107
11111
11114
11127
11129
11133
11144
11158
11162
11170
11181
11182
11183
11187
11194
11196
11198
11202
11207
11210
11212
11213
11216
11218
11225
11229
11231
11232
11235
11238
11246
11260
11266
11269
11277
11281
11285
11291
11292
11293
11296
11300
11303
11304
11313
11314
11317
11327
11329
11331
11332
11345
11348
11355
11357
11361
11364
11365
11371
11382
11391
11394
11396
11397
11399
11400
11401
11413
11417
11420
11421
11422
11427
11432
11440
11445
11448
11453
11460
11467
11472
11474
11475
11479
11489
11492
11501
11502
11508
11510
11515
11519
11528
11529
11534
11544
11548
11549
11550
11551
11553
11558
11560
11570
11573
11579
11584
11585
11589
11591
11605
11609
11612
11614
11618
11623
11624
11631
11641
11644
11645
11677
11683
11684
11697
11709
11723
11727
11736
11747
11749
11751
11762
11763
11764
11770
11771
11778
11780
11787
11789
11794
11797
11799
11800
11803
11805
11809
11825
11834
11836
11838
11842
11851
11854
11872
11898
11906
11915
11918
11924
11925
11931
11940
11953
11957
11961
11966
11982
11983
11984
11992
12004
12009
12013
12014
12015
12022
12030
12032
12033
12039
12046
12051
12057
12060
12064
12075
12084
12086
12089
12097
12098
12103
12109
12126
12130
12133
12136
12138
12146
12148
12151
12161
12165
12167
12170
12173
12188
12192
12199
12202
12204
12207
12209
12216
12219
12221
12227
12233
12235
12238
12251
12254
12263
12272
12274
12278
12285
12291
12308
12309
12317
12323
12325
12337
12343
12344
12345
12360
12362
12380
12382
12384
12389
12400
12407
12409
12412
12414
12420
12421
12422
12423
12432
12434
12442
12443
12446
12447
12458
12463
12464
12471
12477
12485
12506
12523
12524
12525
12527
12536
12537
12540
12541
12555
12563
12565
12582
12586
12589
12598
12601
12603
12605
12611
12619
12625
12631
12638
12641
12648
12651
12654
12659
12663
12664
12667
12668
12673
12675
12681
12685
12689
12690
12691
12692
12706
12707
12711
12714
12724
12730
12732
12734
12737
12745
12747
12749
12758
12763
12767
12776
12786
12790
12794
12795
12797
12798
12812
12817
12819
12827
12829
12830
12836
12838
12841
12863
12867
12875
12879
12901
12903
12905
12906
12908
12923
12933
12945
12946
12949
12951
12954
12955
12961
12962
12970
12972
12978
12981
12988
12993
12996
13011
13013
13014
13027
13031
13044
13048
13049
13051
13054
13057
13063
13064
13068
13070
13071
13073
13076
13089
13094
13098
13105
13108
13109
13111
13114
13117
13118
13121
13124
13127
13130
13136
13138
13157
13166
13177
13178
13183
13189
13194
13195
13196
13201
13202
13218
13227
13229
13230
13239
13246
13253
13257
13260
13261
13265
13268
13273
13275
13278
13282
13284
13287
13290
13297
13303
13312
13322
13324
13327
13329
13330
13333
13341
13347
13361
13365
13383
13386
13391
13393
13399
13400
13408
13416
13420
13423
13437
13442
13445
13447
13448
13449
13452
13472
13476
13484
13487
13489
13490
13492
13511
13515
13517
13524
13526
13531
13534
13540
13542
13554
13557
13563
13569
13573
13581
13584
13589
13592
13598
13600
13601
13610
13612
13613
13615
13618
13619
13621
13624
13626
13632
13633
13639
13643
13659
13667
13679
13685
13686
13693
13694
13705
13706
13713
13714
13718
13725
13731
13732
13733
13735
13737
13740
13741
13745
13753
13756
13760
13767
13775
13776
13779
13780
13786
13787
13790
13794
13795
13804
13806
13807
13809
13813
13816
13820
13821
13827
13842
13844
13845
13851
13856
13859
13861
13876
13879
13882
13884
13890
13897
13898
13902
13904
13906
13911
13916
13923
13927
13953
13966
13970
13972
13979
13980
13998
14001
14006
14026
14030
14031
14044
14051
14057
14078
14079
14084
14085
14088
14093
14094
14097
14099
14102
14106
14107
14112
14114
14121
14123
14124
14137
14138
14141
14147
14150
14156
14157
14159
14167
14172
14179
14180
14182
14187
14193
14205
14208
14210
14211
14213
14222
14226
14227
14242
14246
14249
14250
14252
14254
14255
14261
14268
14269
14270
14276
14277
14279
14280
14291
14292
14296
14302
14306
14307
14312
14313
14320
14326
14333
14338
14347
14357
14370
14375
14377
14380
14384
14385
14386
14393
14398
14402
14411
14416
14424
14432
14440
14447
14448
14474
14485
14491
14502
14507
14508
14509
14512
14518
14525
14528
14530
14534
14547
14549
14553
14554
14556
14565
14573
14574
14575
14576
14579
14587
14588
14593
14597
14601
14611
14612
14617
14620
14624
14626
14632
14642
14647
14649
14656
14657
14659
14688
14700
14703
14706
14713
14731
14733
14734
14739
14740
14744
14749
14751
14755
14757
14760
14763
14769
14773
14777
14785
14786
14792
14801
14803
14817
14819
14821
14826
14841
14844
14845
14849
14851
14853
14864
14868
14870
14872
14878
14880
14881
14887
14892
14895
14901
14902
14905
14911
14915
14917
14921
14925
14931
14932
14945
14946
14948
14950
14952
14955
14966
14970
14972
14988
14996
14998
15004
15005
15012
15041
15042
15050
15055
15058
15059
15068
15075
15077
15078
15082
15085
15087
15100
15103
15105
15110
15111
15120
15121
15122
15131
15135
15138
15148
15155
15158
15168
15171
15173
15177
15182
15183
15185
15187
15194
15195
15197
15206
15207
15209
15228
15232
15233
15235
15237
15239
15240
15241
15243
15248
15249
15252
15276
15277
15283
15286
15298
15302
15303
15305
15331
15337
15340
15343
15347
15351
15361
15366
15367
15368
15371
15375
15377
15380
15381
15383
15386
15388
15389
15390
15392
15398
15406
15409
15426
15434
15437
15442
15452
15453
15455
15467
15470
15471
15475
15476
15477
15478
15479
15482
15483
15493
15498
15501
15502
15513
15516
15519
15523
15524
15533
15534
15543
15554
15558
15561
15570
15572
15574
15577
15593
15595
15599
15603
15604
15607
15617
15628
15641
15651
15654
15658
15659
15662
15665
15670
15677
15680
15685
15686
15688
15698
15704
15710
15729
15741
15748
15753
15754
15755
15757
15759
15768
15769
15783
15786
15794
15795
15798
15806
15817
15819
15824
15825
15827
15828
15836
15842
15849
15870
15877
15880
15882
15883
15884
15885
15892
15902
15909
15926
15939
15940
15943
15949
15951
15955
15963
15965
15972
15986
15987
15996
16009
16010
16014
16024
16030
16032
16035
16036
16039
16045
16049
16050
16056
16061
16067
16068
16073
16081
16089
16108
16113
16116
16122
16124
16139
16143
16144
16145
16147
16153
16170
16186
16201
16206
16213
16218
16222
16231
16236
16246
16248
16254
16256
16265
16266
16267
16277
16279
16285
16295
16299
16303
16304
16310
16320
16324
16330
16341
16344
16346
16349
16351
16356
16360
16361
16362
16366
16367
16368
16375
16377
16380
16405
16406
16410
16411
16417
16418
16434
16444
16448
16450
16451
16452
16454
16457
16463
16466
16470
16482
16483
16491
16492
16493
16497
16502
16506
16507
16512
16517
16518
16531
16539
16541
16543
16546
16552
16555
16556
16558
16560
16563
16564
16572
16578
16581
16582
16587
16590
16597
16602
16608
16610
16612
16618
16621
16631
16639
16649
16663
16670
16679
16681
16690
16691
16707
16708
16711
16715
16723
16729
16730
16735
16741
16742
16752
16755
16760
16761
16762
16764
16769
16772
16773
16774
16778
16795
16800
16806
16816
16827
16833
16844
16856
16857
16859
16861
16865
16874
16876
16882
16886
16889
16893
16895
16898
16899
16900
16903
16904
16907
16911
16912
16919
16920
16923
16925
16926
16927
16931
16936
16939
16944
16947
16952
16953
16957
16967
16973
16976
16978
16990
16991
16995
16997
17003
17008
17015
17017
17018
17022
17023
17037
17040
17046
17050
17055
17056
17066
17072
17075
17083
17084
17086
17094
17095
17097
17102
17103
17104
17105
17106
17107
17117
17121
17127
17128
17132
17138
17141
17143
17145
17152
17159
17160
17167
17171
17174
17175
17177
17199
17204
17206
17217
17226
17235
17246
17250
17253
17254
17260
17262
17269
17271
17272
17273
17274
17278
17281
17285
17292
17296
17297
17299
17309
17312
17324
17325
17329
17335
17339
17345
17354
17360
17361
17364
17366
17367
17375
17382
17385
17386
17388
17391
17394
17403
17406
17411
17412
17415
17420
17422
17424
17427
17430
17439
17440
17441
17449
17454
17461
17462
17466
17467
17480
17481
17489
17490
17493
17510
17514
17515
17517
17523
17524
17530
17541
17542
17548
17555
17563
17565
17566
17569
17576
17577
17582
17587
17588
17603
17608
17609
17615
17616
17619
17620
17623
17642
17643
17649
17662
17676
17677
17687
17693
17703
17706
17707
17711
17718
17723
17728
17730
17734
17736
17740
17748
17751
17758
17760
17761
17765
17777
17780
17785
17786
17793
17800
17806
17811
17814
17815
17822
17823
17824
17825
17827
17835
17836
17844
17857
17867
17874
17876
17879
17881
17883
17886
17892
17896
17901
17906
17908
17909
17910
17911
17912
17934
17935
17941
17944
17958
17960
17973
17979
17980
17982
17992
17995
17999
18001
18003
18013
18014
18018
18034
18039
18040
18046
18049
18051
18054
18055
18058
18061
18063
18064
18074
18082
18084
18089
18093
18095
18097
18103
18105
18106
18110
18116
18117
18118
18131
18143
18151
18154
18156
18157
18162
18165
18172
18176
18179
18195
18197
18199
18206
18209
18211
18222
18224
18225
18226
18232
18235
18242
18245
18249
18264
18266
18267
18279
18283
18292
18324
18326
18333
18342
18344
18346
18350
18356
18357
18359
18360
18366
18367
18368
18369
18372
18383
18387
18390
18392
18393
18395
18398
18404
18411
18418
18420
18426
18427
18428
18429
18442
18443
18448
18449
18451
18454
18456
18460
18473
18476
18483
18484
18488
18494
18495
18500
18508
18509
18512
18514
18519
18529
18532
18541
18551
18552
18556
18561
18562
18565
18569
18583
18587
18594
18599
18602
18605
18608
18619
18626
18633
18637
18642
18651
18652
18655
18659
18660
18661
18681
18689
18690
18695
18696
18699
18701
18705
18711
18712
18713
18716
18719
18735
18742
18747
18750
18751
18757
18766
18768
18772
18775
18777
18788
18789
18791
18794
18796
18799
18804
18805
18827
18840
18841
18847
18856
18861
18865
18866
18874
18878
18885
18886
18895
18901
18905
18915
18917
18923
18924
18925
18935
18936
18940
18944
18946
18953
18960
18976
18991
18999
19001
19016
19020
19038
19044
19070
19071
19073
19080
19087
19090
19092
19093
19095
19097
19106
19110
19115
19141
19144
19145
19158
19166
19168
19173
19178
19181
19182
19186
19190
19193
19196
19198
19208
19213
19225
19227
19240
19253
19256
19258
19259
19263
19284
19290
19292
19296
19301
19303
19309
19328
19337
19341
19345
19349
19351
19362
19365
19366
19367
19368
19370
19372
19379
19381
19382
19384
19417
19419
19424
19435
19436
19437
19444
19465
19476
19477
19482
19483
19488
19494
19496
19502
19504
19506
19507
19508
19517
19528
19530
19538
19558
19563
19567
19571
19585
19588
19592
19596
19600
19602
19605
19611
19612
19616
19619
19622
19631
19632
19636
19639
19646
19650
19651
19656
19659
19664
19665
19668
19670
19671
19672
19673
19674
19678
19679
19682
19691
19706
19710
19723
19726
19727
19731
19732
19740
19745
19747
19749
19756
19758
19764
19771
19780
19792
19794
19795
19806
19812
19815
19819
19821
19827
19832
19837
19843
19847
19850
19861
19866
19869
19870
19872
19876
19888
19895
19901
19909
19912
19913
19915
19921
19925
19926
19930
19934
19935
19938
19942
19948
19954
19962
19964
19972
19981
19994
19996
